493481,361,413
493503,516,397
493523,516,397
493543,516,397
493563,441,449
493582,441,449
493602,441,449
493624,432,386
493642,432,386
493661,432,386
493682,561,359
493704,561,359
493723,688,397
493743,688,397
493763,688,397
493784,623,432
493803,623,432
493823,623,432
493841,623,432
493861,623,432
493883,492,449
493904,492,449
493923,492,449
493942,456,452
493962,456,452
493982,456,452
494000,456,452
494021,456,452
494043,456,452
494063,422,364
494084,422,364
494103,295,414
494124,295,414
494140,295,414
494163,369,478
494184,369,478
494203,354,402
494224,354,402
494244,354,402
494263,438,372
494284,438,372
494300,438,372
494324,438,372
494344,519,365
494363,519,365
494384,365,389
494402,365,389
494422,365,389
494442,445,312
494461,445,312
494484,634,302
494502,634,302
494521,634,302
494542,713,425
494564,713,425
494583,586,405
494601,586,405
494624,586,405
494641,586,405
494661,512,380
494682,512,380
494704,373,395
494723,373,395
494741,373,395
494761,498,418
494785,498,418
494801,498,418
494824,560,363
494844,560,363
494861,201,457
494884,201,457
494902,201,457
494923,345,459
494944,345,459
494963,345,459
494983,416,424
495000,416,424
495025,416,424
495041,458,385
495064,512,383
495081,512,383
495104,512,383
495122,473,423
495143,473,423
495162,473,423
495181,524,406
495204,524,406
495220,572,405
495243,572,405
495261,572,405
495285,585,417
495303,585,417
495323,585,417
495343,530,414
495362,530,414
495381,530,414
495404,478,410
495423,478,410
495444,459,426
495461,459,426
495484,459,426
495504,459,426
495522,459,426
495542,471,412
495564,448,426
495583,448,426
495602,448,426
495624,413,466
495641,413,466
495660,396,447
495684,396,447
495703,396,447
495722,418,411
495742,418,411
495762,456,373
495784,456,373
495803,456,373
495823,456,373
495843,456,373
495861,478,402
495882,478,402
495902,479,410
495924,592,414
495941,592,414
495961,592,414
495982,617,432
496002,617,432
496021,617,432
496045,572,398
496063,572,398
496082,572,398
496104,572,398
496121,572,398
496144,572,398
496163,433,379
496183,433,379
496202,433,379
496221,458,420
496242,458,420
496264,512,387
496283,512,387
496304,512,387
496323,402,431
496341,402,431
496364,402,431
496381,369,475
496404,369,475
496422,369,475
496443,377,465
496465,377,465
496484,400,444
496503,400,444
496522,400,444
496541,450,395
496562,450,395
496582,455,416
496600,455,416
496623,455,416
496644,454,390
496663,454,390
496684,454,390
496703,454,390
496725,454,390
496741,454,390
496764,629,412
496784,629,412
496803,629,412
496824,609,426
496843,535,378
496864,535,378
496883,535,378
496903,410,380
496922,410,380
496941,410,380
496963,410,380
496983,415,431
497004,415,431
497022,415,431
497042,415,431
497061,415,431
497084,435,388
497103,435,388
497123,306,490
497142,306,490
497165,306,490
497182,400,461
497204,400,461
497224,400,461
497241,420,446
497265,420,446
497282,420,446
497303,420,446
497322,449,408
497343,482,409
497363,482,409
497383,429,430
497403,429,430
497422,429,430
497445,429,430
497463,483,409
497483,483,409
497502,483,409
497523,565,404
497542,565,404
497564,607,415
497583,607,415
497602,607,415
497621,572,388
497642,572,388
497661,572,388
497685,473,370
497703,473,370
497723,426,390
497740,426,390
497762,426,390
497783,450,430
497804,450,430
497823,450,430
497844,522,404
497863,522,404
497884,522,404
497903,522,404
497924,356,482
497945,356,482
497960,356,482
497983,356,482
498004,399,457
498021,399,457
498041,399,457
498062,424,426
498084,424,426
498104,454,395
498121,454,395
498141,454,395
498164,476,404
498184,476,404
498204,476,404
498222,476,404
498241,442,420
498265,621,356
498283,621,356
498304,621,356
498323,636,415
498343,636,415
498363,525,427
498384,525,427
498404,525,427
498421,525,427
498443,537,397
498461,537,397
498485,468,383
498504,468,383
498524,468,383
498542,433,425
498563,433,425
498584,433,425
498600,494,421
498622,454,417
498641,454,417
498664,454,417
498682,355,497
498702,355,497
498721,355,497
498745,360,454
498761,360,454
498784,360,454
498803,360,454
498822,360,454
498843,360,454
498862,502,386
498885,502,386
498903,502,386
498923,462,414
498944,462,414
498965,462,414
498983,433,395
499004,433,395
499023,476,387
499041,476,387
499063,542,405
499083,542,405
499104,542,405
499122,542,405
499143,608,409
499165,608,409
499183,566,408
499203,566,408
499224,566,408
499244,513,363
499262,513,363
499284,415,367
499305,415,367
499324,415,367
499343,415,367
499365,419,434
499383,419,434
499404,419,434
499422,535,404
499444,535,404
499461,462,416
499484,462,416
499503,340,491
499523,340,491
499542,340,491
499560,390,460
499584,390,460
499604,419,427
499621,419,427
499641,419,427
499665,474,385
499681,474,385
499704,474,385
499721,474,385
499744,475,412
499763,440,410
499782,440,410
499802,440,410
499824,514,395
499841,514,395
499863,514,395
499885,603,423
499902,603,423
499924,603,423
499942,603,423
499964,579,429
499985,531,410
500003,531,410
500023,531,410
500041,531,410
500061,463,405
500085,448,424
500104,448,424
500121,448,424
500142,448,424
500163,493,410
500184,493,410
500204,430,427
500224,430,427
500243,430,427
500261,404,448
500282,404,448
500302,404,448
500325,428,483
500344,428,483
500361,441,443
500385,441,443
500402,441,443
500424,441,443
500443,441,443
500463,454,393
500485,454,393
500503,454,393
500523,470,408
500545,470,408
500561,470,408
500585,425,415
500603,425,415
500623,498,399
500642,498,399
500665,498,399
500684,498,399
500701,613,430
500723,613,430
500743,613,430
500765,608,437
500783,545,410
500804,545,410
500824,545,410
500843,479,381
500863,479,381
500882,479,381
500905,479,381
500923,418,386
500944,418,386
500962,447,421
500981,447,421
501005,447,421
501024,521,402
501044,521,402
501060,521,402
501085,421,451
501104,421,451
501122,421,451
501141,361,440
501163,430,395
501185,430,395
501205,430,395
501224,496,355
501242,496,355
501264,496,355
501284,496,355
501303,517,380
501322,517,380
501342,454,404
501363,454,404
501382,454,404
501405,467,406
501424,467,406
501442,586,376
501462,586,376
501485,586,376
501503,586,376
501524,586,376
501544,497,382
501561,497,382
501585,497,382
501604,469,381
501624,469,381
501645,469,381
501665,469,381
501684,479,402
501704,511,398
501722,511,398
501743,511,398
501764,464,436
501782,464,436
501804,464,436
501824,401,435
501844,401,435
501863,401,435
501881,401,435
501903,444,397
501924,444,397
501941,444,397
501963,488,368
501985,488,368
502001,481,372
502024,481,372
502041,455,391
502065,455,391
502084,455,391
502101,455,391
502125,455,391
502143,560,390
502162,560,390
502183,560,390
502204,534,382
502223,534,382
502242,534,382
502262,461,377
502283,461,377
502304,461,377
502321,437,390
502345,437,390
502362,437,390
502383,462,420
502403,462,420
502424,526,423
502443,526,423
502464,449,433
502484,449,433
502503,449,433
502524,419,397
502544,419,397
502562,419,397
502582,487,377
502601,487,377
502624,520,379
502643,520,379
502661,520,379
502684,491,394
502704,491,394
502721,491,394
502743,459,402
502763,459,402
502785,459,402
502802,459,402
502822,513,394
502843,513,394
502863,556,372
502884,556,372
502904,528,391
502924,528,391
502942,528,391
502964,493,387
502983,493,387
503001,493,387
503023,483,394
503042,483,394
503064,481,393
503081,481,393
503104,481,393
503121,485,396
503145,485,396
503165,485,396
503182,480,395
503205,480,395
503223,480,395
503241,466,380
503262,466,380
503285,490,395
503301,490,395
503323,495,388
503344,495,388
503361,495,388
503385,495,388
503404,487,398
503423,487,398
503442,494,391
503461,494,391
503482,494,391
503505,511,386
503521,511,386
503545,511,386
503564,514,396
503582,514,396
503603,514,396
503625,511,393
503641,511,393
503661,487,384
503681,487,384
503703,487,384
503724,474,384
503742,474,384
503764,491,393
503784,491,393
503801,491,393
503823,497,386
503841,497,386
503865,497,386
503881,492,394
503905,492,394
503924,492,394
503941,482,389
503965,482,389
503981,482,389
504004,476,400
504021,476,400
504043,482,391
504064,482,391
504084,482,391
504101,486,391
504123,486,391
504145,497,391
504163,497,391
504183,497,391
504204,497,391
504224,498,392
504241,498,392
504263,494,386
504285,494,386
504302,494,386
504323,494,386
504345,494,386
504364,494,386
504384,502,389
504402,496,387
504425,496,387
504442,496,387
504465,496,387
504482,491,393
504505,491,393
504522,491,393
504541,492,387
504562,492,387
504585,491,391
504604,491,391
504625,491,391
504643,492,390
504662,492,390
504683,492,390
504704,492,390
504724,492,390
504741,491,392
504763,491,392
504782,491,392
504805,491,392
504824,494,390
504845,494,390
504863,486,391
504883,486,391
504902,486,391
504924,491,389
504945,497,388
504962,497,388
504984,497,388
505003,495,386
505021,495,386
505044,495,386
505064,495,392
505084,495,392
505105,495,392
505125,492,387
505143,492,387
505165,492,387
505182,493,392
505201,493,392
505225,493,389
505242,493,389
505265,493,389
505281,492,387
505305,492,387
505324,492,387
505343,492,387
505364,493,392
505383,493,392
505405,493,392
505424,489,388
505445,489,388
505461,489,393
505483,492,386
505503,492,386
505525,492,386
505544,492,389
505562,492,389
505585,492,389
505604,494,389
505624,494,389
505645,494,389
505664,497,389
505683,497,389
505705,497,389
505723,495,388
505742,495,388
505762,495,388
505784,495,388
505804,490,389
505825,488,390
505845,488,390
505864,488,390
505885,488,390
505904,488,390
505925,488,390
505943,496,389
505965,493,392
505983,493,392
506001,493,392
506021,493,392
506044,493,389
506063,493,389
506085,493,389
506103,496,389
506125,496,389
506143,496,389
506164,495,382
506184,488,396
506204,488,396
506223,488,396
506245,490,388
506265,490,388
506282,490,388
506304,490,388
506322,493,389
506344,493,390
506363,493,390
506384,493,390
506403,490,386
506425,490,386
506444,490,386
506462,491,393
506482,491,393
506504,491,393
506525,493,385
506544,493,385
506561,493,385
506585,493,385
506605,493,385
506625,493,396
506644,500,385
506664,500,385
506682,483,389
506705,483,389
506723,483,389
506745,495,394
506762,495,394
506783,495,394
506805,492,389
506824,492,389
506843,492,389
506861,493,389
506885,493,389
506904,493,389
506924,489,386
506945,489,391
506962,489,391
506982,489,391
507006,492,390
507023,492,390
507041,492,390
507062,492,390
507082,494,390
507105,494,390
507122,491,390
507143,491,390
507165,491,390
507185,491,390
507204,491,390
507224,491,390
507244,495,389
507261,495,389
507282,497,385
507305,497,385
507325,497,385
507343,495,390
507366,495,390
507384,495,390
507401,496,388
507421,496,388
507443,496,388
507464,497,388
507482,497,388
507505,497,388
507525,486,389
507546,486,389
507563,484,387
507585,484,387
507604,484,387
507621,490,394
507643,492,388
507662,492,388
507684,492,388
507703,494,390
507725,494,390
507743,494,390
507762,494,390
507784,497,387
507802,497,387
507824,496,386
507845,496,386
507864,496,386
507882,502,386
507906,502,386
507924,502,386
507945,500,390
507963,500,390
507982,492,390
508005,492,390
508025,492,390
508044,484,388
508062,484,388
508085,484,388
508104,484,388
508123,486,393
508144,486,393
508163,491,388
508186,497,391
508204,497,391
508225,497,391
508243,492,387
508265,492,387
508282,492,387
508306,485,389
508324,485,389
508343,485,389
508363,491,388
508382,491,388
508405,491,388
508425,495,388
508442,495,388
508463,498,389
508483,498,389
508503,498,389
508525,493,391
508543,493,391
508564,493,391
508583,495,388
508602,495,388
508626,496,390
508644,496,390
508662,496,390
508686,496,390
508704,496,390
508724,499,383
508742,499,383
508765,499,383
508784,489,389
508805,489,389
508824,489,389
508841,487,391
508862,487,391
508883,487,391
508904,491,389
508925,491,389
508942,488,387
508962,488,387
508985,488,387
509004,488,387
509024,493,385
509044,493,385
509062,492,392
509083,492,392
509103,492,392
509125,491,389
509143,491,389
509163,491,389
509184,491,389
509205,490,392
509222,490,392
509244,494,386
509263,494,386
509283,496,385
509301,496,385
509324,496,385
509345,495,391
509363,495,391
509384,491,387
509404,491,387
509421,491,387
509443,490,390
509464,490,390
509484,490,390
509502,496,388
509526,496,388
509544,496,388
509565,496,388
509582,496,388
509606,496,388
509624,494,388
509645,490,389
509663,490,389
509682,490,389
509705,490,389
509722,492,390
509742,492,390
509763,492,387
509786,492,387
509804,492,387
509825,492,387
509844,492,387
509862,491,386
509884,491,386
509905,491,386
509924,491,386
509943,495,391
509964,495,391
509984,493,388
510005,493,388
510024,489,391
510042,489,391
510066,489,391
510083,494,390
510103,494,390
510126,494,390
510145,495,386
510164,495,386
510182,495,386
510204,495,386
510224,495,388
510243,495,388
510264,497,387
510285,492,390
510305,492,390
510325,492,390
510343,492,390
510362,494,386
510382,494,386
510404,494,386
510423,494,386
510445,493,390
510463,493,390
510483,495,386
510506,495,386
510525,494,390
510545,494,390
510565,490,388
510583,490,388
510603,490,388
510623,493,390
510645,493,390
510664,493,390
510686,491,390
510705,491,390
510725,491,390
510742,493,386
510765,493,386
510784,493,386
510803,493,386
510825,496,391
510843,494,388
510866,494,388
510882,494,388
510902,491,389
510925,491,389
510945,495,388
510962,495,388
510984,495,388
511005,493,389
511023,493,389
511045,497,384
511064,497,384
511086,497,384
511105,497,384
511125,493,387
511144,493,387
511162,493,387
511183,492,393
511203,492,393
511225,492,393
511242,496,390
511264,500,383
511285,500,383
511302,500,383
511325,487,391
511344,487,391
511365,487,391
511384,487,391
511404,487,391
511425,495,387
511441,495,387
511463,495,387
511484,495,387
511505,487,391
511522,487,391
511546,489,387
511563,489,387
511586,489,387
511602,489,387
511626,504,386
511645,502,389
511664,502,389
511685,502,389
511702,502,389
511726,492,388
511744,492,388
511763,490,387
511784,490,387
511802,490,387
511826,495,388
511843,495,388
511865,495,388
511882,494,391
511903,494,391
511923,494,391
511946,492,386
511962,492,392
511984,492,392
512004,492,392
512025,492,392
512042,492,386
512063,492,386
512085,493,389
512105,493,389
512123,493,389
512144,494,391
512166,494,391
512183,494,391
512202,493,384
512224,493,384
512244,499,392
512262,499,392
512283,499,392
512305,499,392
512323,498,386
512344,498,386
512364,496,388
512385,496,388
512405,496,388
512426,494,390
512445,494,390
512464,495,384
512481,495,384
512503,497,391
512523,497,391
512545,497,391
512562,497,391
512584,497,391
512604,497,391
512623,494,389
512645,494,389
512665,494,389
512682,493,388
512704,493,388
512725,493,388
512743,497,380
512765,497,380
512782,497,380
512805,495,395
512823,495,395
512842,497,386
512865,497,386
512882,497,386
512903,497,386
512923,488,389
512946,488,389
512965,484,391
512982,484,391
513006,484,391
513025,493,392
513044,493,392
513064,509,390
513084,509,390
513103,509,390
513125,504,381
513146,504,381
513165,495,384
513184,495,384
513205,486,388
513223,486,388
513247,486,388
513262,482,395
513283,482,395
513304,482,395
513323,498,391
513342,498,391
513366,498,391
513385,510,385
513405,510,385
513426,510,385
513443,500,384
513466,500,384
513483,500,384
513506,500,384
513525,488,388
513545,488,388
513563,485,389
513584,494,391
513606,494,391
513624,494,391
513642,494,391
513664,498,386
513684,498,386
513705,494,389
513723,494,389
513745,494,389
513765,496,386
513785,496,386
513805,496,386
513826,498,388
513844,498,388
513866,498,393
513885,498,393
513902,498,393
513922,494,384
513946,494,384
513964,494,384
513983,491,388
514006,491,388
514025,491,388
514043,494,386
514066,494,386
514084,494,386
514105,487,388
514125,487,388
514143,491,393
514163,491,393
514186,491,393
514203,495,391
514222,495,391
514247,494,386
514264,494,386
514284,494,386
514306,495,387
514325,495,387
514345,495,387
514365,499,387
514384,499,387
514401,499,387
514425,500,385
514446,500,385
514465,501,387
514484,501,387
514506,501,387
514522,492,386
514546,492,386
514563,492,386
514582,490,387
514605,490,387
514625,490,387
514643,489,389
514663,492,390
514685,492,390
514705,492,390
514726,492,390
514745,497,390
514762,497,390
514784,491,389
514802,491,389
514825,491,389
514846,489,386
514866,489,386
514883,489,386
514906,495,387
514924,495,387
514945,495,387
514966,495,388
514984,495,388
515003,495,388
515025,499,390
515045,496,385
515065,496,385
515083,496,385
515104,498,390
515123,498,390
515143,498,390
515163,498,388
515185,498,388
515203,498,388
515225,489,382
515244,489,382
515266,490,391
515284,490,391
515304,490,391
515325,493,392
515343,493,392
515366,493,392
515383,492,390
515405,492,390
515424,492,390
515445,498,388
515466,498,388
515483,498,388
515502,500,384
515523,500,384
515545,492,387
515563,492,387
515582,492,387
515604,492,387
515626,489,388
515643,489,388
515662,490,391
515685,490,391
515702,494,386
515724,494,386
515746,500,386
515766,500,386
515785,500,386
515802,500,386
515824,497,385
515845,497,385
515865,495,389
515883,495,389
515905,495,389
515924,488,387
515946,488,387
515963,488,387
515986,492,389
516003,492,389
516025,494,387
516044,494,387
516063,494,387
516083,494,387
516103,494,387
516127,493,388
516145,493,388
516165,493,388
516184,493,388
516203,493,388
516226,493,388
516243,493,388
516266,493,387
516284,493,387
516305,495,389
516326,495,389
516342,495,389
516364,497,387
516383,497,387
516405,497,386
516421,497,386
516445,497,386
516463,497,386
516486,496,386
516505,496,386
516525,495,390
516545,495,390
516562,495,390
516586,494,388
516604,494,388
516626,491,386
516646,491,386
516663,491,389
516686,491,389
516706,491,389
516725,492,387
516742,492,387
516765,492,387
516785,492,387
516803,492,387
516824,495,388
516845,495,388
516866,495,388
516885,495,387
516904,495,387
516924,495,387
516946,495,387
516962,497,390
516985,495,386
517005,495,386
517024,495,386
517045,494,389
517066,494,389
517082,494,389
517103,497,388
517126,497,388
517145,497,388
517165,492,388
517186,492,388
517206,495,388
517225,495,388
517245,495,388
517265,498,388
517284,498,388
517305,498,388
517325,495,387
517346,495,387
517364,495,387
517384,495,387
517402,495,387
517426,496,387
517446,495,389
517466,495,389
517485,496,387
517503,496,387
517525,496,387
517543,495,388
517565,495,388
517584,495,388
517606,495,387
517625,495,387
517646,495,387
517664,497,388
517684,497,388
517705,497,388
517722,494,388
517747,494,388
517765,494,387
517786,494,387
517803,495,387
517825,495,387
517846,495,387
517864,494,389
517884,494,389
517903,494,389
517926,495,389
517945,495,389
517964,495,389
517986,495,389
518002,495,389
518024,496,386
518046,496,386
518065,496,386
518083,494,387
518104,494,387
518124,494,387
518145,494,388
518165,494,388
518185,494,389
518204,494,389
518225,494,389
518247,495,387
518266,495,387
518285,495,387
518303,496,387
518325,496,387
518346,493,389
518366,493,389
518383,493,389
518402,494,387
518423,494,387
518443,494,387
518463,497,389
518485,497,389
518506,497,387
518526,497,387
518543,497,387
518566,496,388
518585,496,388
518604,496,388
518625,497,388
518645,497,388
518662,494,389
518684,494,389
518706,494,389
518726,494,387
518746,494,387
518762,494,387
518784,497,388
518805,497,388
518823,497,388
518844,496,388
518866,496,388
518884,496,388
518904,495,388
518924,495,388
518946,495,387
518962,495,387
518983,495,387
519005,495,388
519024,495,388
519046,493,388
519065,493,388
519085,493,388
519104,496,388
519122,496,388
519147,496,388
519163,494,388
519184,494,388
519204,497,386
519225,497,386
519246,497,386
519265,497,388
519283,497,388
519307,497,388
519326,496,388
519346,496,388
519365,496,388
519385,495,387
519403,495,387
519426,495,387
519446,496,388
519465,496,388
519485,496,388
519505,496,388
519525,497,387
519546,497,387
519564,497,387
519585,497,387
519606,496,388
519626,496,388
519646,496,388
519665,494,388
519686,495,388
519703,495,388
519727,495,388
519743,496,388
519766,496,388
519785,496,388
519806,494,387
519824,494,387
519844,494,387
519866,497,387
519884,497,387
519904,497,387
519925,496,390
519945,496,390
519966,496,390
519984,494,388
520006,494,388
520026,495,387
520043,495,387
520064,495,387
520086,495,387
520105,495,387
520124,496,386
520144,496,386
520166,496,386
520183,496,386
520204,496,388
520224,493,389
520247,493,389
520264,493,389
520283,493,389
520305,493,387
520324,493,387
520346,496,388
520366,496,388
520385,496,388
520407,496,388
520426,496,388
520445,496,388
520466,496,388
520483,495,387
520504,495,387
520526,496,388
520543,496,388
520564,496,388
520586,494,386
520603,494,386
520622,494,390
520647,494,390
520666,494,390
520683,494,390
520704,494,390
520726,494,387
520746,494,387
520766,495,388
520785,495,388
520805,495,388
520826,496,388
520843,496,388
520866,496,388
520885,496,388
520902,496,388
520924,496,388
520946,496,388
520963,496,388
520983,496,388
521002,496,388
521027,495,388
521044,495,388
521065,495,388
521084,495,388
521107,499,389
521126,499,389
521143,499,389
521164,493,388
521185,493,388
521203,493,388
521226,498,388
521245,498,388
521265,498,388
521285,498,388
521306,495,387
521323,495,387
521346,494,388
521362,494,388
521386,498,388
521403,498,388
521424,498,388
521446,496,389
521466,496,389
521483,496,389
521504,495,388
521525,497,388
521544,497,388
521566,497,388
521583,497,388
521606,495,387
521626,495,387
521646,496,389
521663,496,389
521687,496,389
521703,494,387
521726,494,387
521745,494,387
521765,496,388
521785,496,388
521803,496,388
521826,498,387
521845,496,388
521865,496,388
521884,496,388
521903,497,387
521925,497,387
521944,497,387
521965,497,387
521984,496,389
522006,496,389
522023,496,389
522046,496,389
522066,495,386
522086,495,386
522105,495,386
522123,495,386
522145,496,389
522166,496,389
522186,496,389
522204,497,388
522224,497,388
522245,494,388
522266,494,388
522284,494,388
522306,496,387
522326,496,387
522345,496,387
522364,495,387
522383,495,386
522407,495,386
522423,495,386
522447,497,387
522465,497,387
522483,497,387
522502,497,387
522527,494,389
522544,494,389
522564,494,387
522584,494,387
522604,494,387
522627,498,387
522644,498,387
522662,498,387
522687,497,388
522702,497,388
522723,493,390
522748,493,390
522766,493,390
522786,493,390
522805,494,390
522825,494,390
522846,491,388
522864,491,388
522887,498,388
522906,498,388
522923,498,388
522943,496,386
522967,496,386
522987,498,391
523003,498,391
523025,498,391
523046,495,384
523066,495,384
523084,495,384
523105,493,387
523126,493,387
523146,493,387
523165,501,388
523186,501,388
523204,501,388
523224,498,385
523246,498,385
523265,495,389
523283,495,389
523307,495,389
523324,494,388
523343,494,388
523363,494,388
523387,494,388
523405,493,393
523424,489,389
523444,489,389
523466,495,389
523486,495,389
523505,495,389
523526,499,389
523546,499,389
523566,499,389
523584,494,388
523602,494,388
523626,494,388
523645,494,387
523664,494,387
523687,494,387
523703,497,387
523724,497,387
523746,497,387
523766,496,387
523785,496,387
523802,493,386
523827,493,386
523846,493,386
523864,495,387
523883,495,387
523905,495,387
523924,495,387
523947,497,389
523966,497,389
523986,497,389
524005,495,389
524024,497,388
524045,497,388
524065,497,388
524085,494,388
524105,494,388
524126,494,388
524145,494,387
524164,495,390
524186,495,390
524203,495,390
524223,495,390
524246,493,386
524266,493,386
524283,493,386
524304,495,385
524327,503,386
524345,503,386
524365,503,386
524385,503,386
524404,496,387
524426,496,387
524446,493,386
524464,493,386
524485,493,386
524503,493,386
524527,496,391
524545,496,391
524566,496,391
524584,496,391
524607,493,389
524624,493,389
524647,493,389
524665,500,388
524686,500,388
524707,500,388
524723,500,388
524747,495,387
524765,493,386
524786,493,386
524803,493,386
524826,500,390
524845,500,390
524866,500,390
524884,495,388
524906,495,388
524925,495,388
524946,493,392
524966,493,392
524985,495,388
525007,495,388
525024,495,388
525043,500,390
525066,500,390
525086,500,390
525103,498,386
525127,498,386
525147,498,386
525163,498,386
525185,498,386
525205,497,389
525223,497,390
525244,497,390
525265,495,390
525287,495,390
525305,495,390
525324,494,390
525347,494,390
525367,494,390
525386,497,385
525407,497,385
525426,497,385
525446,499,391
525465,499,391
525485,499,391
525506,496,388
525524,496,388
525546,498,391
525566,498,391
525586,495,387
525607,495,387
525625,492,388
525647,492,388
525663,492,388
525683,498,387
525704,498,387
525726,498,387
525744,501,387
525766,501,387
525785,501,387
525805,501,387
525827,497,386
525845,497,386
525865,496,388
525885,496,388
525903,496,388
525925,492,388
525945,492,388
525966,496,387
525985,496,387
526007,496,387
526025,496,395
526046,496,395
526066,496,395
526087,496,395
526104,495,390
526125,495,390
526145,496,394
526165,496,385
526184,496,385
526207,496,385
526226,490,388
526244,490,388
526264,490,388
526284,497,385
526306,497,385
526324,497,385
526346,502,386
526365,502,386
526386,502,386
526405,497,385
526424,497,385
526447,497,385
526467,494,390
526486,494,390
526507,495,388
526524,495,388
526543,495,388
526566,492,389
526586,492,389
526606,498,391
526626,498,391
526645,498,391
526663,498,391
526687,498,391
526706,491,391
526727,491,391
526744,491,391
526767,491,393
526785,491,393
526804,491,393
526827,489,387
526846,489,387
526866,489,387
526884,495,386
526905,495,386
526925,495,386
526947,498,388
526966,498,388
526986,498,388
527004,499,385
527027,504,387
527044,504,387
527067,504,387
527086,504,387
527104,496,387
527127,496,387
527147,496,387
527167,489,386
527186,489,386
527203,489,386
527225,499,388
527243,500,395
527264,500,395
527287,500,395
527306,495,391
527324,495,391
527344,495,391
527368,487,399
527385,487,399
527403,487,399
527426,482,392
527447,482,392
527467,482,392
527487,483,390
527504,483,390
527527,485,386
527544,485,386
527565,485,386
527585,485,386
527606,485,386
527626,489,388
527643,490,385
527666,490,385
527687,493,388
527703,493,388
527726,493,388
527743,539,382
527765,539,382
527787,539,382
527806,517,380
527824,517,380
527848,517,380
527866,505,376
527887,505,376
527903,505,383
527924,505,383
527948,505,383
527966,505,395
527986,505,395
528004,505,395
528026,495,430
528046,495,430
528067,495,430
528086,456,448
528104,456,448
528125,397,504
528145,397,504
528166,397,504
528185,397,504
528207,409,446
528225,409,446
528246,433,418
528265,433,418
528286,433,418
528304,474,367
528328,514,397
528344,514,397
528368,514,397
528386,514,397
528406,561,427
528425,561,427
528443,602,442
528468,602,442
528486,602,442
528505,602,442
528525,632,457
528545,542,464
528564,542,464
528585,542,464
528607,488,453
528625,488,453
528647,488,453
528665,505,419
528683,505,419
528705,505,419
528727,432,408
528746,432,408
528764,274,476
528787,274,476
528803,274,476
528827,395,494
528844,395,494
528866,395,494
528886,353,496
528903,353,496
528924,353,496
528946,417,433
528966,417,433
528985,495,431
529004,495,431
529024,495,431
529048,474,405
529065,474,405
529086,474,405
529106,664,374
529126,664,374
529147,677,435
529166,677,435
529186,677,435
529204,694,416
529225,694,416
529247,694,416
529266,534,399
529285,534,399
529305,534,399
529327,462,445
529344,462,445
529365,462,445
529387,462,445
529405,511,373
529427,282,340
529445,282,340
529468,226,440
529486,226,440
529505,226,440
529526,285,397
529547,285,397
529564,285,397
529585,413,381
529607,413,381
529625,413,381
529645,413,381
529666,459,399
529686,459,399
529705,424,406
529727,424,406
529746,483,332
529767,483,332
529785,483,332
529805,636,254
529827,636,254
529845,636,254
529867,722,356
529886,722,356
529907,735,284
529923,735,284
529943,735,284
529968,433,305
529986,433,305
530007,434,410
530025,434,410
530046,434,410
530065,567,227
530086,567,227
530104,567,227
530127,288,143
530144,288,143
530166,288,143
530187,1,512
530204,1,512
530226,1,512
530247,174,319
530265,174,319
530286,174,319
530307,174,319
530325,482,257
530348,490,413
530367,490,413
530384,490,413
530407,312,332
530425,312,332
530445,561,226
530468,561,226
530483,561,226
530505,854,289
530524,854,289
530545,854,289
530566,738,387
530587,738,387
530606,749,419
530626,749,419
530644,749,419
530666,422,396
530687,422,396
530706,514,395
530726,514,395
530743,514,395
530768,462,278
530786,462,278
530805,462,278
530828,127,492
530847,127,492
530866,127,492
530886,127,492
530905,250,487
530927,250,487
530945,188,468
530967,188,468
530986,188,468
531004,476,275
531026,378,321
531044,378,321
531064,378,321
531087,365,207
531107,365,207
531126,365,207
531144,672,85
531165,672,85
531186,672,85
531207,777,263
531224,777,263
531247,777,263
531265,726,225
531287,726,225
531303,726,225
531325,372,245
531348,596,271
531365,596,271
531386,596,271
531407,460,204
531425,460,204
531446,460,204
531466,460,204
531487,460,204
531507,91,385
531525,91,385
531545,152,515
531568,152,515
531587,114,463
531605,114,463
531625,114,463
531644,409,165
531665,409,165
531686,409,165
531708,235,205
531727,235,205
531745,235,205
531767,349,1
531787,349,1
531805,891,130
531823,891,130
531847,891,130
531867,799,257
531886,799,257
531907,398,329
531927,398,329
531944,398,329
531968,486,409
531985,486,409
532005,486,409
532023,631,263
532046,631,263
532067,631,263
532084,631,263
532107,1,346
532125,1,346
532147,1,346
532166,102,419
532186,102,419
532207,102,419
532227,102,419
532245,218,242
532265,218,242
532287,474,339
532307,474,339
532326,474,339
532347,234,213
532366,234,213
532386,234,213
532406,479,1
532426,1023,189
532445,1023,189
532467,1023,189
532486,787,191
532506,787,191
532525,787,191
532547,385,184
532566,385,184
532587,385,184
532607,505,409
532624,505,409
532648,594,23
532666,594,23
532686,594,23
532705,594,23
532728,80,1
532746,80,1
532766,127,538
532786,127,538
532806,127,538
532825,139,264
532848,139,264
532866,139,264
532883,491,262
532907,491,262
532925,437,375
532944,437,375
532968,437,375
532984,437,375
533007,266,180
533026,266,180
533045,493,75
533067,493,75
533088,493,75
533106,703,193
533125,703,193
533146,703,193
533167,785,277
533188,785,277
533205,784,206
533227,784,206
533244,784,206
533263,784,206
533285,784,206
533308,579,336
533326,579,336
533344,579,336
533367,565,234
533384,565,234
533407,565,234
533425,259,139
533448,259,139
533466,4,563
533487,4,563
533507,128,312
533527,128,312
533544,128,312
533568,128,312
533587,128,312
533606,418,213
533627,418,213
533646,353,371
533664,353,371
533684,303,42
533704,303,42
533727,794,38
533744,794,38
533768,794,38
533786,794,38
533806,769,255
533826,769,255
533847,769,255
533866,797,288
533886,797,288
533903,350,333
533924,350,333
533947,350,333
533968,595,354
533987,595,354
534007,533,158
534026,533,158
534044,533,158
534068,1,251
534087,1,251
534104,1,251
534125,1,251
534147,217,461
534168,217,461
534187,217,461
534207,434,304
534227,434,304
534246,434,304
534268,386,313
534284,386,313
534307,386,313
534326,345,211
534345,345,211
534366,345,211
534388,756,77
534405,756,77
534427,756,77
534447,791,346
534464,791,346
534484,791,346
534505,791,346
534527,682,306
534547,682,306
534567,348,378
534587,488,428
534604,488,428
534627,488,428
534645,597,399
534668,597,399
534687,597,399
534706,597,399
534726,387,301
534748,387,301
534767,387,301
534787,184,381
534807,184,381
534824,275,462
534844,275,462
534864,275,462
534888,219,410
534905,219,410
534927,403,362
534946,403,362
534966,403,362
534988,441,407
535007,441,407
535027,441,407
535046,373,338
535067,373,338
535087,373,338
535106,827,186
535123,827,186
535148,700,500
535167,700,500
535185,700,500
535207,945,400
535225,945,400
535248,410,432
535264,410,432
535287,410,432
535306,511,496
535327,511,496
535344,554,329
535365,554,329
535388,554,329
535405,554,329
535426,412,237
535448,412,237
535463,130,436
535488,130,436
535505,130,436
535527,302,349
535544,302,349
535566,302,349
535587,375,337
535607,375,337
535624,579,320
535648,579,320
535667,579,320
535684,579,320
535708,579,320
535727,321,364
535747,419,247
535768,419,247
535785,543,236
535806,543,236
535825,543,236
535844,716,213
535867,716,213
535888,716,213
535907,706,329
535924,706,329
535948,706,329
535967,706,329
535985,706,329
536008,393,340
536026,393,340
536046,393,340
536067,393,340
536087,452,464
536107,452,464
536125,468,346
536144,468,346
536165,468,346
536189,181,510
536206,304,571
536227,304,571
536246,304,571
536264,304,571
536289,325,568
536306,325,568
536328,429,498
536346,429,498
536366,429,498
536387,587,411
536407,587,411
536425,587,411
536445,546,363
536465,546,363
536486,546,363
536507,645,374
536527,645,374
536548,596,399
536564,596,399
536587,596,399
536606,597,382
536626,597,382
536645,597,382
536668,459,432
536687,459,432
536707,541,460
536726,541,460
536743,541,460
536767,450,413
536784,450,413
536808,450,413
536827,153,495
536845,153,495
536865,153,495
536886,153,495
536906,304,540
536925,256,522
536946,256,522
536966,256,522
536985,365,460
537008,365,460
537024,365,460
537048,542,432
537065,542,432
537087,419,401
537108,419,401
537127,621,227
537145,621,227
537166,621,227
537187,621,227
537207,666,389
537227,666,389
537245,666,389
537268,676,343
537287,393,413
537306,393,413
537326,393,413
537345,393,413
537367,492,494
537388,492,494
537407,526,382
537428,526,382
537445,526,382
537468,526,382
537487,526,382
537505,58,545
537527,58,545
537546,58,545
537565,225,450
537586,225,450
537608,225,450
537626,242,484
537647,242,484
537667,242,484
537686,516,369
537705,516,369
537726,516,369
537747,346,473
537768,346,473
537786,346,473
537807,579,238
537826,579,238
537848,826,379
537865,826,379
537886,669,443
537907,669,443
537928,669,443
537946,617,431
537966,617,431
537988,617,431
538007,476,455
538027,476,455
538048,476,455
538066,476,455
538085,476,455
538108,506,313
538127,506,313
538144,506,313
538168,294,314
538187,294,314
538206,294,314
538224,222,474
538245,222,474
538267,222,474
538287,345,478
538307,345,478
538328,313,445
538347,313,445
538364,313,445
538385,313,445
538407,494,400
538425,460,435
538444,460,435
538464,460,435
538488,371,410
538507,371,410
538525,371,410
538545,569,254
538568,569,254
538585,569,254
538607,761,403
538627,761,403
538645,761,403
538666,761,403
538686,761,403
538707,669,459
538724,669,459
538748,669,459
538766,459,469
538787,459,469
538806,459,469
538825,503,528
538847,503,528
538865,417,393
538887,417,393
538907,417,393
538929,216,509
538946,216,509
538967,216,509
538987,216,509
539007,419,464
539027,343,449
539045,343,449
539067,343,449
539088,396,475
539107,396,475
539126,396,475
539144,474,449
539167,474,449
539188,471,467
539206,471,467
539227,471,467
539246,501,431
539267,501,431
539288,501,431
539305,635,440
539325,635,440
539348,635,440
539365,591,491
539386,591,491
539408,610,453
539428,610,453
539446,610,453
539464,557,455
539485,557,455
539506,557,455
539524,446,458
539548,446,458
539567,446,458
539587,446,458
539606,367,458
539628,469,482
539648,469,482
539664,469,482
539688,441,471
539707,441,471
539728,388,515
539746,388,515
539767,388,515
539788,324,596
539806,324,596
539826,324,596
539846,405,555
539864,405,555
539889,405,555
539907,405,555
539927,414,561
539946,414,561
539967,468,514
539987,468,514
540007,552,464
540026,552,464
540048,521,424
540067,521,424
540085,521,424
540104,521,424
540125,617,347
540147,617,347
540167,617,347
540188,580,399
540206,580,399
540228,569,363
540245,569,363
540268,429,386
540286,429,386
540307,429,386
540324,425,464
540349,425,464
540365,425,464
540387,484,424
540408,484,424
540427,484,424
540445,405,425
540466,405,425
540487,180,554
540507,180,554
540525,312,473
540546,312,473
540568,312,473
540587,304,492
540608,304,492
540627,304,492
540646,304,492
540666,424,385
540684,424,385
540706,424,385
540728,411,397
540745,507,279
540767,507,279
540787,507,279
540804,773,314
540826,773,314
540844,773,314
540868,744,420
540886,744,420
540907,744,420
540928,599,381
540948,599,381
540967,599,381
540986,438,393
541008,438,393
541025,525,380
541048,525,380
541066,525,380
541087,525,380
541104,525,380
541127,248,283
541147,248,283
541165,248,283
541188,248,283
541206,233,369
541227,233,369
541248,246,375
541265,246,375
541285,246,375
541308,529,271
541327,529,271
541348,402,346
541366,402,346
541388,402,346
541405,309,232
541425,309,232
541449,309,232
541467,529,94
541487,529,94
541508,529,94
541527,863,338
541548,863,338
541567,863,338
541585,654,324
541608,654,324
541627,485,353
541648,485,353
541668,485,353
541687,485,353
541708,485,353
541727,602,359
541744,602,359
541767,602,359
541785,463,279
541809,463,279
541827,463,279
541849,231,275
541866,231,275
541884,231,275
541908,149,483
541928,149,483
541947,149,483
541966,149,483
541986,149,483
542005,149,483
542029,405,379
542047,405,379
542065,523,388
542086,523,388
542105,523,388
542125,366,382
542147,494,245
542167,494,245
542187,494,245
542207,805,268
542225,805,268
542248,805,268
542266,805,268
542286,724,388
542308,724,388
542327,571,380
542348,571,380
542368,571,380
542385,411,420
542404,411,420
542427,411,420
542448,514,416
542466,514,416
542484,496,295
542508,496,295
542528,496,295
542545,262,289
542565,262,289
542586,262,289
542609,213,491
542626,213,491
542646,213,491
542667,215,440
542685,215,440
542706,411,369
542728,411,369
542748,506,416
542764,506,416
542786,506,416
542808,351,419
542827,351,419
542846,351,419
542868,351,419
542887,351,419
542906,734,409
542927,734,409
542947,734,409
542968,681,424
542987,681,424
543007,681,424
543028,620,431
543045,620,431
543068,620,431
543085,497,404
543109,497,404
543127,518,409
543147,518,409
543167,518,409
543184,518,409
543207,435,337
543228,435,337
543248,263,371
543264,263,371
543285,263,371
543309,298,481
543328,298,481
543344,298,481
543368,258,476
543388,384,428
543405,384,428
543429,384,428
543445,501,430
543467,501,430
543486,501,430
543506,501,430
543526,402,439
543549,489,350
543566,489,350
543584,489,350
543607,489,350
543625,489,350
543649,662,380
543667,662,380
543687,697,460
543708,697,460
543727,697,460
543747,697,460
543768,654,380
543787,654,380
543808,654,380
543828,441,513
543846,441,513
543865,441,513
543885,444,433
543909,444,433
543927,444,433
543946,444,433
543968,301,445
543988,284,597
544007,284,597
544028,284,597
544046,217,474
544068,217,474
544088,217,474
544108,319,361
544127,319,361
544147,319,361
544165,491,377
544188,491,377
544207,348,351
544226,348,351
544246,348,351
544266,532,177
544289,532,177
544306,532,177
544327,881,301
544345,881,301
544367,881,301
544385,881,301
544408,645,99
544424,645,99
544446,162,197
544467,162,197
544485,162,197
544507,758,1
544528,376,10
544547,376,10
544566,376,10
544586,376,10
544606,162,156
544628,162,156
544648,189,438
544668,189,438
544687,189,438
544706,217,229
544728,217,229
544745,217,229
544768,641,130
544787,641,130
544806,159,319
544827,159,319
544848,159,319
544865,492,35
544887,492,35
544908,492,35
544927,630,217
544945,630,217
544966,630,217
544988,630,217
545006,630,217
545028,676,276
545048,676,276
545066,676,276
545085,612,204
545107,612,204
545128,612,204
545147,179,346
545165,179,346
545188,661,240
545208,661,240
545226,661,240
545246,661,240
545268,661,240
545285,661,240
545306,143,391
545328,143,391
545345,143,391
545366,436,484
545387,436,484
545407,324,229
545426,324,229
545446,498,186
545468,498,186
545488,498,186
545506,467,317
545528,467,317
545546,467,317
545569,467,317
545586,662,216
545606,662,216
545628,662,216
545647,932,431
545668,932,431
545686,743,276
545708,743,276
545728,299,179
545747,299,179
545767,299,179
545785,406,297
545806,406,297
545828,406,297
545848,294,369
545866,294,369
545884,294,369
545908,330,390
545926,330,390
545948,578,262
545968,578,262
545988,524,394
546007,524,394
546027,524,394
546046,419,279
546068,419,279
546086,419,279
546107,622,267
546127,622,267
546148,622,267
546166,622,267
546187,622,267
546208,723,375
546228,723,375
546246,723,375
546266,529,371
546288,529,371
546307,529,371
546328,459,452
546347,459,452
546365,459,452
546389,595,281
546408,595,281
546428,358,175
546448,358,175
546468,358,175
546487,358,175
546505,130,549
546529,263,406
546548,263,406
546569,263,406
546585,263,406
546609,409,338
546626,409,338
546644,582,383
546669,582,383
546686,405,295
546708,405,295
546726,405,295
546747,893,215
546766,893,215
546788,893,215
546806,893,215
546828,777,335
546847,613,295
546866,613,295
546887,613,295
546909,613,295
546928,365,414
546946,365,414
546965,572,197
546986,572,197
547007,572,197
547028,57,358
547048,57,358
547068,57,358
547086,246,338
547108,246,338
547125,246,338
547148,525,231
547166,525,231
547189,546,353
547207,546,353
547226,546,353
547248,210,159
547268,210,159
547289,668,22
547308,668,22
547327,668,22
547348,836,391
547369,836,391
547386,731,311
547407,731,311
547427,731,311
547448,731,311
547467,384,342
547485,384,342
547508,520,401
547528,520,401
547546,520,401
547568,520,206
547585,520,206
547605,520,206
547629,108,333
547648,108,333
547665,108,333
547685,108,333
547706,266,517
547728,262,397
547746,262,397
547768,540,211
547787,540,211
547805,540,211
547828,442,296
547847,442,296
547868,442,296
547887,357,263
547908,357,263
547929,357,263
547948,771,354
547966,771,354
547988,771,354
548008,801,240
548024,801,240
548050,402,205
548068,402,205
548088,402,205
548107,480,257
548126,480,257
548148,480,257
548165,382,168
548186,382,168
548207,53,439
548228,53,439
548249,53,439
548268,53,439
548286,53,439
548308,151,525
548327,304,325
548348,304,325
548365,635,315
548386,635,315
548407,635,315
548426,319,310
548448,319,310
548466,319,310
548487,264,1
548509,264,1
548526,264,1
548548,489,284
548568,489,284
548588,559,477
548607,559,477
548628,559,477
548648,609,369
548669,609,369
548688,609,369
548707,431,388
548728,431,388
548748,370,567
548765,370,567
548785,370,567
548808,721,464
548825,721,464
548849,721,464
548866,721,464
548884,721,464
548909,380,321
548925,380,321
548949,380,321
548968,188,479
548985,188,479
549006,188,479
549028,238,367
549048,238,367
549067,238,367
549087,238,367
549107,371,219
549125,459,312
549148,459,312
549168,459,312
549185,324,261
549209,324,261
549227,874,1
549248,874,1
549269,874,1
549287,874,1
549309,464,457
549327,464,457
549348,512,380
549367,512,380
549386,512,380
549408,571,171
549429,571,171
549448,571,171
549466,571,171
549485,571,171
549510,571,171
549528,591,167
549548,591,167
549566,285,228
549587,285,228
549607,285,228
549627,137,510
549649,137,510
549668,210,353
549686,210,353
549708,210,353
549729,424,238
549749,424,238
549765,424,238
549789,494,319
549807,494,319
549829,494,319
549848,321,224
549867,321,224
549888,1023,301
549908,1023,301
549928,1023,301
549948,467,446
549967,467,446
549989,520,348
550005,520,348
550029,520,348
550047,521,224
550067,521,224
550087,521,224
550108,332,351
550125,332,351
550149,589,214
550167,589,214
550184,589,214
550209,300,229
550226,300,229
550248,300,229
550265,207,473
550288,207,473
550307,207,473
550327,251,459
550349,251,459
550367,251,459
550388,367,418
550408,367,418
550429,367,418
550449,501,334
550469,501,334
550486,367,289
550508,367,289
550527,464,266
550547,464,266
550565,464,266
550586,891,266
550609,891,266
550628,891,266
550649,517,315
550666,517,315
550689,405,235
550708,405,235
550728,405,235
550748,405,235
550766,360,238
550786,360,238
550806,490,234
550828,490,234
550847,348,324
550865,348,324
550889,348,324
550908,182,477
550928,182,477
550949,182,477
550968,182,477
550986,266,361
551005,266,361
551029,467,240
551046,467,240
551065,467,240
551088,408,306
551108,462,178
551125,462,178
551149,462,178
551166,462,178
551190,825,231
551206,825,231
551228,797,259
551247,797,259
551265,797,259
551289,479,261
551306,479,261
551329,479,261
551348,328,287
551367,328,287
551387,328,287
551409,508,301
551429,508,301
551448,270,489
551468,270,489
551487,270,489
551509,270,489
551528,261,482
551549,261,482
551566,261,482
551588,261,482
551608,378,419
551625,526,386
551649,526,386
551666,526,386
551688,467,383
551707,678,321
551729,678,321
551746,678,321
551769,680,433
551786,680,433
551807,680,433
551828,665,392
551848,665,392
551865,665,392
551886,445,391
551908,445,391
551928,474,438
551949,474,438
551968,474,438
551985,474,438
552009,541,333
552028,541,333
552049,541,333
552069,310,431
552085,310,431
552106,301,395
552129,301,395
552148,301,395
552167,301,395
552187,386,313
552205,548,254
552227,548,254
552249,548,254
552265,327,290
552289,327,290
552308,327,290
552327,525,214
552348,525,214
552367,525,214
552385,836,322
552407,597,388
552429,597,388
552447,597,388
552468,597,388
552489,492,493
552506,492,493
552529,619,419
552548,619,419
552567,619,419
552585,593,283
552609,593,283
552628,593,283
552648,459,280
552666,459,280
552690,413,264
552707,413,264
552726,413,264
552748,233,490
552767,233,490
552789,229,391
552806,229,391
552826,229,391
552848,464,334
552866,464,334
552886,464,334
552907,547,306
552929,547,306
552947,384,307
552967,384,307
552989,384,307
553006,478,223
553028,478,223
553049,478,223
553068,888,324
553085,888,324
553108,888,324
553129,587,345
553148,587,345
553168,587,345
553186,552,273
553209,552,273
553228,552,273
553248,297,364
553269,297,364
553286,620,314
553306,620,314
553326,620,314
553348,620,314
553368,620,314
553385,620,314
553410,446,184
553428,223,330
553449,276,466
553468,276,466
553487,276,466
553510,284,382
553528,284,382
553549,539,158
553568,539,158
553588,539,158
553608,472,297
553627,472,297
553649,472,297
553666,472,297
553688,339,204
553709,339,204
553727,732,303
553746,732,303
553766,732,303
553789,555,417
553807,555,417
553827,555,417
553849,527,306
553868,369,239
553886,369,239
553907,369,239
553929,328,355
553949,328,355
553967,328,355
553989,328,355
554006,245,477
554027,245,477
554050,198,359
554068,198,359
554085,198,359
554107,323,231
554127,323,231
554149,323,231
554165,532,319
554189,387,293
554208,387,293
554228,387,293
554248,387,293
554265,387,293
554290,734,363
554305,544,347
554329,544,347
554346,544,347
554369,549,280
554387,549,280
554408,549,280
554428,379,246
554446,379,246
554468,379,246
554486,344,226
554509,344,226
554527,252,325
554545,252,325
554568,252,325
554588,252,325
554606,245,379
554629,359,371
554649,359,371
554665,359,371
554689,570,306
554708,570,306
554728,570,306
554748,447,359
554768,447,359
554788,447,359
554807,511,371
554826,511,371
554849,646,318
554869,646,318
554888,646,318
554909,646,318
554928,576,373
554949,576,373
554969,445,342
554986,445,342
555009,437,331
555027,437,331
555048,437,331
555067,513,242
555087,513,242
555108,513,242
555129,243,209
555149,243,209
555168,243,209
555185,246,432
555208,246,432
555229,246,432
555248,320,203
555268,320,203
555287,603,132
555305,603,132
555330,217,182
555348,217,182
555369,217,182
555387,456,13
555407,456,13
555429,456,13
555446,456,13
555468,456,13
555487,396,385
555505,396,385
555526,396,385
555549,484,286
555568,484,286
555589,484,286
555607,265,274
555626,265,274
555650,643,227
555667,643,227
555690,643,227
555708,643,227
555729,293,124
555746,293,124
555769,293,124
555786,68,478
555810,68,478
555827,169,340
555848,169,340
555868,169,340
555888,169,340
555910,503,39
555928,503,39
555949,596,318
555965,596,318
555986,596,318
556007,714,338
556030,827,313
556045,827,313
556066,827,313
556089,369,301
556108,369,301
556127,369,301
556149,369,301
556166,301,439
556186,301,439
556209,539,145
556228,539,145
556249,539,145
556266,201,421
556287,201,421
556308,201,421
556328,300,449
556349,300,449
556367,300,449
556385,408,331
556409,408,331
556429,548,416
556448,548,416
556465,548,416
556489,438,397
556508,438,397
556529,438,397
556548,472,247
556569,472,247
556588,763,321
556606,763,321
556625,763,321
556648,763,321
556669,763,321
556686,420,187
556709,420,187
556729,420,187
556747,491,234
556767,491,234
556789,491,234
556809,481,1
556830,481,1
556846,481,1
556869,276,222
556889,332,466
556906,332,466
556929,332,466
556948,332,466
556965,332,466
556987,46,342
557005,46,342
557029,520,131
557048,646,357
557068,646,357
557087,646,357
557110,221,191
557128,221,191
557146,221,191
557169,494,90
557188,494,90
557209,494,90
557229,626,179
557246,626,179
557267,626,179
557290,676,316
557308,676,316
557328,693,261
557349,693,261
557366,693,261
557389,612,249
557406,612,249
557430,612,249
557448,261,308
557470,261,308
557488,261,308
557507,534,354
557529,534,354
557548,534,354
557569,534,354
557587,534,354
557609,280,239
557627,280,239
557649,280,239
557668,212,462
557689,212,462
557706,212,462
557729,346,456
557749,346,456
557770,346,456
557787,346,456
557809,486,266
557828,486,266
557849,486,266
557868,486,266
557889,338,358
557906,338,358
557925,350,220
557949,350,220
557969,350,220
557988,562,100
558008,562,100
558027,562,100
558048,905,189
558069,905,189
558088,905,189
558109,661,317
558126,661,317
558149,661,317
558170,661,317
558186,191,431
558208,191,431
558227,191,431
558250,658,232
558268,658,232
558286,658,232
558307,463,81
558330,463,81
558348,463,81
558368,268,100
558388,268,100
558410,268,100
558429,268,100
558448,135,471
558469,135,471
558486,135,471
558508,275,283
558527,468,244
558550,468,244
558569,468,244
558585,433,343
558610,433,343
558626,433,343
558650,259,186
558669,441,80
558689,441,80
558709,441,80
558729,783,195
558747,783,195
558769,783,195
558788,701,412
558806,701,412
558831,701,412
558848,765,186
558869,765,186
558887,765,186
558910,362,147
558929,362,147
558949,362,147
558969,416,382
558986,416,382
559008,416,382
559030,550,39
559049,550,39
559068,550,39
559090,550,39
559108,188,160
559129,188,160
559149,188,160
559167,196,418
559189,196,418
559209,196,418
559227,179,197
559250,179,197
559269,179,197
559288,632,138
559307,632,138
559328,632,138
559349,632,138
559369,632,138
559389,571,95
559409,571,95
559430,571,95
559449,664,273
559466,664,273
559490,664,273
559509,664,273
559530,693,403
559549,693,403
559569,693,417
559587,693,417
559606,753,367
559630,753,367
559649,753,367
559669,753,367
559689,490,344
559706,490,344
559729,552,345
559750,552,345
559769,552,345
559786,534,211
559810,534,211
559826,534,211
559850,373,123
559869,5,408
559886,5,408
559909,5,408
559927,189,341
559948,189,341
559969,189,341
559990,448,235
560007,448,235
560029,448,235
560048,688,353
560066,688,353
560090,688,353
560107,277,259
560130,599,221
560147,599,221
560169,599,221
560188,622,313
560205,622,313
560226,622,313
560249,622,313
560269,622,313
560287,829,418
560305,702,444
560329,702,444
560349,702,444
560366,532,452
560386,532,452
560410,532,452
560427,335,456
560449,335,456
560470,484,418
560489,484,418
560506,484,418
560528,314,464
560550,314,464
560569,314,464
560589,345,478
560610,345,478
560628,349,452
560649,349,452
560670,428,415
560688,428,415
560709,428,415
560726,519,445
560749,519,445
560769,519,445
560790,517,440
560806,517,440
560827,517,440
560848,517,440
560868,517,440
560890,768,423
560907,768,423
560930,768,423
560947,621,416
560969,621,416
560988,621,416
561007,661,418
561030,661,418
561049,661,418
561070,661,418
561089,443,425
561109,546,462
561127,546,462
561150,546,462
561167,546,462
561189,517,421
561208,517,421
561226,398,413
561249,398,413
561267,398,413
561290,236,490
561309,236,490
561327,286,441
561350,286,441
561367,286,441
561388,359,402
561409,359,402
561429,359,402
561449,477,371
561470,477,371
561487,478,411
561510,478,411
561527,478,411
561550,418,346
561570,418,346
561589,418,346
561607,573,297
561630,573,297
561651,573,297
561668,705,359
561689,705,359
561709,705,359
561727,681,463
561749,681,463
561769,681,463
561789,639,384
561806,639,384
561827,478,420
561849,478,420
561870,478,420
561886,456,478
561908,456,478
561929,543,404
561949,543,404
561969,543,404
561986,435,332
562009,435,332
562027,435,332
562047,435,332
562067,435,332
562090,285,476
562106,285,476
562129,285,476
562150,284,403
562168,284,403
562188,284,403
562210,450,346
562230,450,346
562249,521,398
562269,521,398
562288,521,398
562306,386,368
562326,386,368
562349,386,368
562370,386,368
562388,532,273
562409,532,273
562428,762,363
562449,762,363
562469,691,424
562489,691,424
562508,691,424
562527,587,426
562549,587,426
562569,587,426
562590,476,434
562608,476,434
562628,433,459
562649,433,459
562669,433,459
562689,515,425
562708,515,425
562730,515,425
562749,418,397
562769,418,397
562789,418,397
562807,250,572
562828,352,535
562850,352,535
562870,352,535
562887,352,535
562910,312,504
562927,312,504
562950,312,504
562969,312,504
562989,431,421
563008,474,441
563027,474,441
563049,474,441
563070,444,397
563089,444,397
563106,590,339
563130,590,339
563148,590,339
563168,737,379
563188,737,379
563208,737,379
563229,659,366
563250,659,366
563270,659,366
563289,518,398
563310,518,398
563327,518,398
563349,394,437
563370,518,427
563387,518,427
563406,518,427
563428,518,427
563450,487,372
563469,487,372
563489,210,539
563508,210,539
563530,210,539
563550,210,539
563568,210,539
563588,381,534
563607,360,481
563630,360,481
563649,360,481
563670,379,466
563687,379,466
563707,379,466
563730,463,424
563749,463,424
563768,454,418
563789,454,418
563809,454,418
563828,532,364
563850,532,364
563868,532,364
563890,683,434
563906,683,434
563929,644,402
563949,644,402
563966,644,402
563989,553,420
564007,553,420
564029,441,447
564049,441,447
564069,441,447
564089,485,466
564106,485,466
564127,485,466
564150,485,466
564169,485,466
564190,504,418
564208,375,397
564227,375,397
564250,314,520
564269,314,520
564289,314,520
564308,330,490
564330,330,490
564349,330,490
564370,330,490
564389,363,473
564406,459,415
564431,459,415
564448,459,415
564466,459,415
564488,482,454
564510,512,445
564529,512,445
564549,512,445
564570,652,451
564588,652,451
564609,652,451
564629,644,447
564649,644,447
564669,644,447
564690,633,442
564706,633,442
564730,531,426
564749,531,426
564769,531,426
564790,480,426
564808,480,426
564830,487,380
564849,487,380
564869,487,380
564889,359,385
564907,359,385
564928,359,385
564948,297,513
564970,297,513
564989,297,513
565007,290,555
565028,290,555
565049,290,555
565066,290,555
565090,284,514
565109,284,514
565127,430,438
565150,430,438
565170,537,453
565189,537,453
565207,537,453
565229,496,380
565250,496,380
565269,483,337
565288,483,337
565307,483,337
565330,636,383
565349,636,383
565367,636,383
565388,602,346
565409,602,346
565429,602,346
565450,566,362
565469,566,362
565486,377,416
565509,377,416
565528,377,416
565550,486,438
565567,486,438
565588,486,438
565609,533,378
565627,533,378
565649,533,378
565670,533,378
565690,367,370
565710,367,370
565727,317,426
565750,264,594
565770,264,594
565787,264,594
565809,333,490
565829,333,490
565849,333,490
565867,335,499
565891,335,499
565910,335,499
565927,441,401
565948,441,401
565970,441,401
565988,420,414
566009,420,414
566027,420,414
566050,439,356
566069,439,356
566090,439,356
566109,624,311
566129,624,311
566149,697,435
566170,697,435
566189,697,435
566211,633,355
566229,633,355
566250,473,367
566266,473,367
566291,377,449
566309,377,449
566330,377,449
566349,534,381
566370,534,381
566390,534,381
566409,402,304
566430,402,304
566450,402,304
566470,181,437
566490,181,437
566509,341,496
566528,341,496
566551,341,496
566569,341,496
566588,325,502
566610,325,502
566629,387,475
566650,387,475
566666,387,475
566689,493,401
566707,493,401
566731,493,401
566750,493,401
566770,448,426
566790,496,359
566809,496,359
566828,496,359
566849,496,359
566867,496,359
566891,677,395
566909,677,395
566928,677,395
566949,553,386
566970,553,386
566990,553,386
567008,388,410
567030,388,410
567049,388,410
567071,465,449
567089,465,449
567108,531,372
567131,531,372
567150,531,372
567170,416,369
567188,416,369
567210,416,369
567229,241,496
567248,241,496
567269,335,465
567290,335,465
567308,335,465
567330,352,419
567349,352,419
567369,352,419
567388,435,377
567409,435,377
567427,502,390
567448,502,390
567469,502,390
567490,390,429
567508,390,429
567528,390,429
567548,478,330
567568,478,330
567589,478,330
567608,715,371
567631,715,371
567647,715,371
567668,649,431
567690,649,431
567710,570,404
567727,570,404
567750,570,404
567770,570,404
567789,450,402
567810,404,452
567827,404,452
567850,404,452
567869,498,413
567888,498,413
567910,498,413
567927,498,413
567950,463,397
567970,289,522
567989,289,522
568010,289,522
568028,289,522
568049,289,522
568070,358,501
568087,383,453
568109,383,453
568128,383,453
568151,434,404
568169,434,404
568189,434,404
568210,477,435
568226,441,415
568250,441,415
568268,441,415
568289,564,379
568310,564,379
568330,564,379
568351,564,379
568370,673,439
568387,673,439
568411,562,405
568430,562,405
568449,562,405
568467,489,403
568490,489,403
568508,489,403
568526,413,417
568548,413,417
568570,485,448
568590,485,448
568609,532,377
568627,532,377
568650,532,377
568670,532,377
568690,292,438
568709,292,438
568730,329,470
568750,329,470
568770,329,470
568790,359,441
568809,359,441
568828,359,441
568849,410,401
568871,410,401
568889,481,398
568910,481,398
568929,481,398
568949,481,398
568970,427,425
568991,427,425
569007,487,399
569027,487,399
569049,624,392
569070,624,392
569088,624,392
569109,664,415
569130,664,415
569150,664,415
569168,578,407
569190,578,407
569210,578,407
569230,487,387
569251,487,387
569268,401,406
569290,401,406
